location,fault_severity,proba_0,proba_1,proba_2
location 118,0,0.9625433790791094,0.03261108938213185,0.004845531538758849
location 91,0,0.9707003100267126,0.023857669292068076,0.005442020681219399
location 152,0,0.5209323356672695,0.46896634390874725,0.010101320423983227
location 931,0,0.5451285710951427,0.2581653775676354,0.1967060513372219
location 120,0,0.701579291599184,0.2588790190099598,0.0395416893908563
location 664,0,0.7466716327293689,0.2197715011829537,0.033556866087677314
location 640,0,0.8642116363944324,0.12613385113819386,0.009654512467373822
location 122,0,0.9577869445573803,0.03735154680001206,0.004861508642607532
location 263,0,0.5451686146793546,0.44506542212137307,0.00976596319927229
location 613,0,0.7612505052218074,0.1538888860892826,0.08486060868891016
location 760,1,0.2520209044758508,0.6931605581281738,0.054818537395975246
location 519,0,0.6568423358471297,0.3333041977595218,0.009853466393348444
location 746,0,0.6425662487406743,0.32265210065432864,0.03478165060499708
location 1066,1,0.4058159748661382,0.554073068754187,0.04011095637967487
location 812,0,0.6667082921968188,0.29450007959407537,0.03879162820910587
location 343,0,0.5621934939702798,0.42685471818068194,0.01095178784903822
location 133,0,0.7240800170940133,0.26647417815954666,0.009445804746440075
location 976,0,0.7565621900766153,0.19636866402586728,0.04706914589751744
location 948,0,0.5391193272644399,0.42669127924090683,0.03418939349465332
location 808,0,0.9198514820527876,0.06534822527597552,0.014800292671236996
location 894,0,0.733584027896857,0.14581847027316136,0.12059750182998183
location 875,0,0.5275039019388366,0.41485223157722334,0.05764386648394005
location 1024,0,0.9312753066663781,0.05749059815734429,0.011234095176277461
location 166,0,0.9346299986015687,0.05992320667376127,0.0054467947246701785
location 687,0,0.8200784690021748,0.1517367527924437,0.028184778205381577
location 1016,1,0.3376472144679634,0.6338177828892207,0.028535002642815957
location 707,0,0.8970775923867511,0.08534801528733954,0.017574392325909106
location 978,0,0.4970629049737388,0.48167239969303044,0.021264695333230953
location 775,0,0.5488050691900488,0.3080962900657322,0.14309864074421924
location 829,0,0.779549514830133,0.19962178127305627,0.020828703896810612
location 732,0,0.6689118841617676,0.3018570780095577,0.029231037828674592
location 508,0,0.9713965788964416,0.023845682753410688,0.00475773835014784
location 257,0,0.6805302618752815,0.3072215578210196,0.012248180303698824
location 116,0,0.8809393630648764,0.1120470761738549,0.0070135607612684375
location 830,1,0.3903691274921077,0.5501611601707227,0.05946971233716952
location 491,0,0.8075331000640315,0.1836853193288661,0.008781580607102385
location 253,0,0.8393407238505952,0.152948937840249,0.007710338309155551
location 740,0,0.9273972157173984,0.062413018250507546,0.01018976603209427
location 704,2,0.23978967652827415,0.1386739281548312,0.6215363953168946
location 1089,0,0.3845753885625667,0.3007921075031223,0.314632503934311
location 653,0,0.8310291397907854,0.1465315788407307,0.02243928136848374
location 600,1,0.23531451288525618,0.5924163415134833,0.17226914560126053
location 892,0,0.39892748869230127,0.255620882886848,0.34545162842085086
location 802,0,0.8342659433601414,0.15130917624647855,0.014424880393380081
location 794,0,0.8623644619721477,0.08725692413501583,0.05037861389283651
location 477,0,0.9747029164528279,0.020623968518038483,0.0046731150291336255
location 684,2,0.19259243365553827,0.16003161730659968,0.647375949037862
location 895,1,0.21188039393156477,0.44387330081226356,0.34424630525617156
location 496,0,0.9394722870476899,0.05453611587853015,0.005991597073779885
location 321,0,0.8634398037316545,0.12918476604492085,0.007375430223424678
location 1107,2,0.1274322240877146,0.12309737589372784,0.7494704000185575
location 1086,2,0.15090757828572715,0.1693032772426782,0.6797891444715947
location 895,1,0.1873762904884939,0.5252653702331161,0.28735833927838994
location 1099,0,0.6711732343288418,0.2752238606225073,0.05360290504865094
location 975,0,0.797074715314901,0.1914069886962894,0.011518295988809686
location 1019,2,0.1561249723117468,0.08357118093487982,0.7603038467533735
location 812,0,0.4747874230437414,0.3315709161266836,0.193641660829575
location 342,0,0.6862842255702047,0.3030396473874647,0.010676127042330445
location 744,1,0.3794192351383418,0.5918039058815853,0.028776858980072966
location 181,0,0.9319043244291115,0.06244049665204832,0.005655178918840002
location 1086,2,0.16596998390389628,0.24265387795811633,0.5913761381379876
location 1052,1,0.3405249714077697,0.48635854929652167,0.1731164792957087
location 696,0,0.5132163544417817,0.46351002192385343,0.02327362363436477
location 1008,1,0.21100843926324836,0.5433348691850819,0.2456566915516697
location 798,2,0.2154280088487667,0.38327504564396,0.4012969455072732
location 760,0,0.5027055256931294,0.431368280392787,0.06592619391408364
location 777,1,0.16682362447661644,0.7163954176400965,0.11678095788328699
location 95,0,0.9101317018432109,0.08426909827169486,0.00559919988509391
location 699,0,0.6688385758793193,0.3186388249609624,0.012522599159718375
location 272,1,0.42516715512163766,0.5630726745833707,0.011760170294991747
location 704,2,0.24542910668619589,0.3423109564744047,0.4122599368393995
location 613,2,0.20606962988542915,0.3856742888569746,0.4082560812575961
location 846,2,0.20572091548638463,0.17906744514754233,0.6152116393660731
location 795,0,0.8346652991720281,0.0990059151846471,0.06632878564332496
location 826,1,0.1808513588899642,0.6762939532299466,0.14285468788008918
location 112,0,0.7785735287059486,0.20876982159108645,0.012656649702964824
location 778,0,0.7814479082033087,0.190489750576282,0.028062341220409362
location 810,1,0.3978995750586052,0.399113242641299,0.20298718230009608
location 895,1,0.39135453194645836,0.5707795958167147,0.03786587223682679
location 690,0,0.9185147099218922,0.07032629955234075,0.011158990525767009
location 494,0,0.874680462227701,0.10812224854566473,0.017197289226634164
location 1095,0,0.8644302078618761,0.1176542105045625,0.017915581633561575
location 445,0,0.9458482675941443,0.04877261652698035,0.0053791158788754736
location 478,0,0.9513002884909967,0.04268169949331372,0.006018012015689539
location 661,0,0.6784294921516292,0.2975316872274416,0.024038820620929165
location 380,0,0.924657456062302,0.06911407991378857,0.006228464023909364
location 242,0,0.9459529345079123,0.048667354363977094,0.005379711128110609
location 1082,0,0.6394815086685129,0.32859846627701933,0.03192002505446786
location 181,0,0.9218035886831305,0.07228280561825555,0.005913605698614039
location 1007,0,0.7160485835801617,0.25832634883167155,0.025625067588166784
location 131,0,0.5144619736996748,0.4752140358579225,0.010323990442402698
location 1007,0,0.757052520971518,0.21148653213177124,0.031460946896710903
location 931,0,0.4668580290670789,0.43115897382109086,0.10198299711183033
location 980,1,0.4024593681106455,0.5702424598972371,0.027298171992117523
location 118,0,0.921572451559702,0.07048894336195469,0.007938605078343364
location 373,0,0.8364330310036905,0.15440192950791876,0.009165039488390791
location 169,0,0.7005699259258794,0.29065552680263257,0.008774547271487916
location 421,0,0.8579702502052318,0.1330854728250692,0.008944276969698888
location 779,2,0.10369690208698915,0.13120295917513994,0.765100138737871
location 690,1,0.2206169786552199,0.7384064107400004,0.04097661060477956
location 59,0,0.7812063495564898,0.1981644864660195,0.020629163977490806
location 648,1,0.34210178232318983,0.6214767616700816,0.03642145600672873
location 478,0,0.9690198892225614,0.02541471701013325,0.005565393767305534
location 118,0,0.951480688088727,0.043632101658789786,0.004887210252483469
location 124,0,0.951266843140661,0.04378163579462761,0.0049515210647114605
location 7,0,0.7559936084066984,0.16614213152934662,0.07786426006395498
location 12,0,0.6708276435060547,0.2881581138393389,0.04101424265460621
location 1026,0,0.48504114854783326,0.4645959990248148,0.05036285242735205
location 270,0,0.9267602106875095,0.06726257632239378,0.005977212990096602
location 1106,0,0.5663367558667557,0.3670170819977663,0.06664616213547822
location 1090,0,0.5159203474372812,0.377460111645361,0.10661954091735806
location 522,0,0.8894444285659125,0.10384741873175404,0.006708152702333336
location 1007,0,0.6732117347652268,0.3038142081385123,0.022974057096260943
location 836,0,0.9175558853721081,0.07117913978436485,0.01126497484352715
location 145,0,0.9055223984950737,0.08780843789018418,0.006669163614741945
location 895,1,0.21694447145155574,0.6928817905926435,0.09017373795580083
location 1020,2,0.05865722327164331,0.23159083041306336,0.7097519463152933
location 804,0,0.797074715314901,0.1914069886962894,0.011518295988809686
location 1055,0,0.9176451175280875,0.04334428300120421,0.039010599470708264
location 798,0,0.5913071988456337,0.14721517289177882,0.2614776282625877
location 1052,1,0.16840687198685284,0.5264727590728671,0.30512036894027994
location 122,0,0.9173945370514375,0.07620304044137767,0.006402422507184737
location 157,0,0.6835185138602128,0.30664800822077815,0.009833477919008958
location 802,0,0.6227229426281212,0.3096055306948187,0.06767152667706014
location 242,0,0.9721295662062952,0.023081912603747392,0.004788521189957138
location 893,0,0.7862897467436832,0.13849866763901603,0.07521158561730064
location 457,0,0.9746030821277385,0.020938511329759595,0.004458406542501933
location 99,0,0.9346299986015687,0.05992320667376127,0.0054467947246701785
location 839,0,0.5717894394825872,0.29276869627263885,0.1354418642447737
location 719,0,0.8078996980657209,0.1807269638454937,0.011373338088785217
location 793,0,0.9312596847040779,0.05536665174671307,0.013373663549208954
location 1109,0,0.8078996980657209,0.1807269638454937,0.011373338088785217
location 648,1,0.40769469903576716,0.4971561960122382,0.09514910495199468
location 957,0,0.8798266587033359,0.10353315864238297,0.0166401826542809
location 600,2,0.3279171356629064,0.260531509112419,0.41155135522467456
location 665,0,0.78125143129867,0.17583001809041435,0.0429185506109155
location 846,0,0.8989638775373101,0.08338289169389468,0.01765323076879535
location 1107,2,0.2846085552099871,0.23289486145014862,0.4824965833398644
location 1052,2,0.19507492094166307,0.3048655844090035,0.5000594946493335
location 1107,2,0.16132009901403196,0.15944798071708682,0.6792319202688812
location 948,0,0.5192411428829292,0.45462366674695454,0.02613519037011612
location 646,0,0.3472758233826253,0.3422423572312948,0.31048181938607994
location 302,0,0.9244099392905685,0.06956429516436366,0.006025765545067729
location 273,0,0.6692163326976872,0.29182968175120094,0.03895398555111187
location 1,0,0.8860584034279767,0.09573219349256042,0.018209403079462998
location 124,0,0.9597449811008633,0.035479094559780475,0.00477592433935618
location 704,0,0.7069151525395594,0.23365914097130341,0.059425706489137316
location 476,0,0.9712484109602159,0.023982280310992667,0.004769308728791581
location 152,0,0.8221369006519654,0.16984772376013574,0.008015375587898735
location 734,0,0.8192951154032309,0.15199875596616036,0.02870612863060888
location 1076,0,0.572407592223223,0.41053978797668245,0.017052619800094333
location 798,0,0.5650853106763963,0.21592499404489307,0.21898969527871046
location 520,0,0.9510975736256142,0.04397330339571738,0.004929122978668562
location 1046,1,0.3344912146920855,0.628896306525265,0.0366124787826494
location 803,1,0.47382247774190456,0.5009003847132769,0.025277137544818456
location 963,0,0.9488305708216642,0.027960126885676274,0.023209302292659464
location 821,0,0.7125130890469166,0.25014837089308933,0.037338540059994214
location 1061,0,0.41126632573300514,0.19898438139886335,0.3897492928681315
location 714,1,0.39235679520148875,0.5104249035791074,0.09721830121940377
location 242,0,0.9721978392759327,0.02308353365620927,0.00471862706785792
location 613,1,0.08364899556444366,0.7247874664521902,0.19156353798336634
location 91,0,0.870458043250484,0.12280550030662639,0.0067364564428897735
location 1007,0,0.7340225289803415,0.2401068757214395,0.025870595298219105
location 300,0,0.9256231143392407,0.06765995803273238,0.006716927628026901
location 272,0,0.6416283293153746,0.3484627079656722,0.009908962718953501
location 1106,0,0.5589069506358417,0.3861594517620913,0.05493359760206706
location 611,0,0.7962506267664203,0.19223168107477304,0.01151769215880664
location 724,1,0.30841193824019186,0.6439483758360918,0.04763968592371655
location 173,0,0.49652436229916025,0.4894832172251762,0.013992420475663675
location 943,1,0.3168497690135072,0.6546263887107636,0.028523842275728916
location 821,2,0.2639336361073432,0.3155611639681467,0.4205051999245102
location 795,0,0.8577152979352247,0.1159220842630049,0.026362617801770745
location 733,1,0.2866284056893103,0.6840179425901649,0.029353651720524645
location 249,0,0.7663155379405069,0.2249546258045914,0.008729836254901547
location 704,1,0.2994177297756027,0.3507601787710945,0.3498220914533028
location 821,1,0.14817034788069078,0.5587871733561649,0.2930424787631445
location 802,0,0.5188971967437433,0.4608827309250692,0.020220072331187295
location 957,1,0.22671994457999173,0.7128581523920261,0.060421903027981956
location 408,1,0.43615827096758897,0.5525964412955253,0.011245287736885743
location 723,1,0.42711159469066656,0.526082359278083,0.04680604603125048
location 255,0,0.8876362637553283,0.10556852781173776,0.006795208432933824
location 655,2,0.2539199302706189,0.13518812869777758,0.6108919410316035
location 888,0,0.7969261387322293,0.19156458959410186,0.011509271673668858
location 704,1,0.20116380463871367,0.5173122167924628,0.2815239785688236
location 989,0,0.7734162766039039,0.19781117246206426,0.028772550934031957
location 1015,1,0.32260098495701645,0.6457344512631503,0.03166456377983318
location 1019,0,0.5013974011956018,0.1278784836372026,0.37072411516719567
location 692,1,0.2863605688621113,0.6867357655058139,0.026903665632074747
location 653,2,0.21669065872568055,0.35430455403867744,0.4290047872356421
location 945,0,0.5275039019388366,0.41485223157722334,0.05764386648394005
location 651,0,0.6122529954702276,0.25174738134484714,0.1359996231849253
location 1106,0,0.60619467692669,0.3553258994021612,0.038479423671148844
location 763,0,0.5587544309195605,0.3918861824896242,0.0493593865908156
location 416,0,0.9232480115789259,0.07073144528161898,0.006020543139455056
location 830,0,0.7161250556095091,0.19518496880625236,0.08868997558423872
location 704,1,0.2549634928074903,0.400689012200621,0.3443474949918885
location 1024,1,0.4633761882699418,0.48628688254802754,0.05033692918203061
location 497,0,0.8809393630648764,0.1120470761738549,0.0070135607612684375
location 890,0,0.9306954224173107,0.058078321584480924,0.01122625599820839
location 849,0,0.9225907571078358,0.062328857266852646,0.01508038562531137
location 208,0,0.5148530248125859,0.4732533859206239,0.011893589266790235
location 255,0,0.7881552020387474,0.20266234255127452,0.00918245540997812
location 139,1,0.4800716190090117,0.5085622948230355,0.011366086167952835
location 914,1,0.46436050887202357,0.5187863948364912,0.01685309629148521
location 326,0,0.6788037327785472,0.30708372089023944,0.014112546331213444
location 937,0,0.4711126867823455,0.39705638993515097,0.13183092328250348
location 1086,0,0.9100595834923406,0.07262681183098757,0.01731360467667171
location 506,0,0.9751818764048696,0.020365719211609304,0.004452404383521253
location 149,0,0.9326256747512535,0.06174110460787538,0.00563322064087132
location 846,0,0.9011583764168902,0.08074130725363445,0.018100316329475355
location 865,0,0.6019963358537515,0.3596302568348492,0.038373407311399294
location 925,0,0.6734692458124357,0.27062388229024764,0.05590687189731666
location 798,1,0.20835953728279083,0.5268634235456261,0.26477703917158285
location 243,0,0.9721522096456551,0.02311264793676117,0.004735142417583719
location 193,0,0.7873100298716028,0.203601442458929,0.009088527669468112
location 723,0,0.6741262768943,0.28918069117335726,0.036693031932342766
location 471,0,0.9616425346054439,0.03394540787577432,0.004412057518781565
location 1107,2,0.2221384723432162,0.21392288394335338,0.5639386437134304
location 375,0,0.9109475047212684,0.0821309582955345,0.0069215369831969005
location 91,0,0.9707393910232799,0.023776356282801992,0.005484252693918003
location 1047,0,0.864371491680721,0.11776513211367114,0.017863376205607896
location 798,2,0.17328470832238677,0.1350317079136037,0.6916835837640095
location 490,0,0.6568423358471297,0.3333041977595218,0.009853466393348444
location 1051,1,0.3373602218060923,0.47615869077164497,0.18648108742226266
location 763,0,0.9164345987108948,0.06602163239005095,0.01754376889905417
location 896,0,0.7495901331595082,0.12815337100995164,0.12225649583054025
location 1011,0,0.5551176324672012,0.42676130678033797,0.01812106075246086
location 834,1,0.20754562452093128,0.6252808793339778,0.16717349614509092
location 118,0,0.9518773918638497,0.04327055888143559,0.004852049254714844
location 97,0,0.9202768261743723,0.07371986090653493,0.006003312919092648
location 1019,0,0.3442637742327745,0.3204480252262275,0.33528820054099817
location 226,0,0.9302554180921092,0.06410533359975316,0.005639248308137625
location 962,1,0.2212115317439816,0.4632839437522362,0.3155045245037823
location 885,0,0.6525259296460669,0.30277648697575343,0.04469758337817971
location 821,1,0.3152206138582141,0.46641147623397217,0.21836790990781393
location 812,0,0.8349747017257473,0.09752179875723996,0.06750349951701275
location 816,2,0.19786348158108336,0.07691816484522246,0.725218353573694
location 638,0,0.7295808819996378,0.17006485129674115,0.10035426670362092
location 945,0,0.9071792312459346,0.07603187392273532,0.016788894831330264
location 468,0,0.9488012718281638,0.04590229771703184,0.005296430454804713
location 380,0,0.8877939732608775,0.10542013357907326,0.0067858931600493656
location 1109,1,0.3444055743633725,0.6210624849386984,0.0345319406979291
location 1122,0,0.775567316799659,0.21175349526176668,0.012679187938574282
location 1098,0,0.6517603028814912,0.2086440369267691,0.13959566019173963
location 376,0,0.889218345863754,0.10315476001197528,0.007626894124270784
location 1,2,0.23496214453814304,0.3268605730499789,0.438177282411878
location 303,0,0.9346299986015687,0.05992320667376127,0.0054467947246701785
location 126,0,0.9641458922558014,0.030761295663028664,0.0050928120811698264
location 520,0,0.950184073038094,0.044559858950683706,0.005256068011222315
location 734,2,0.28810315910263573,0.16683103061286814,0.5450658102844961
location 507,0,0.931658974917807,0.06207684216672369,0.006264182915469177
location 709,0,0.9185147099218922,0.07032629955234075,0.011158990525767009
location 466,0,0.7894754930879235,0.20151262634589645,0.009011880566179973
location 466,0,0.9269274777078514,0.06730651268645933,0.0057660096056893
location 12,0,0.6372887640699968,0.3383518370732165,0.024359398856786722
location 1102,0,0.8628832062741089,0.1191854915250597,0.017931302200831244
location 998,0,0.8279116061579576,0.15097694024478936,0.021111453597252985
location 727,1,0.42142814845510157,0.5314142448172341,0.047157606727664184
location 76,0,0.6640129855468138,0.3073365443014654,0.02865047015172092
location 734,2,0.2733139295923796,0.35998735866584247,0.3666987117417779
location 830,0,0.6166393605205216,0.3221369199744815,0.06122371950499686
location 798,0,0.5731768209425676,0.22495451359328117,0.20186866546415116
location 309,0,0.8767267097394559,0.11615213880422946,0.0071211514563145235
location 737,0,0.8485899906262019,0.1320706032415955,0.019339406132202572
location 1111,1,0.32771069293171845,0.5447174092082334,0.12757189786004805
location 314,0,0.7454143277682852,0.2449296430884091,0.00965602914330563
location 1023,1,0.22458612264690223,0.7643008462185513,0.01111303113454658
location 658,0,0.674281680340357,0.2892473547607025,0.03647096489894062
location 477,0,0.9694290516900186,0.025050074066232688,0.005520874243748689
location 990,1,0.443449517727795,0.5240879808014189,0.03246250147078612
location 445,0,0.9488075615932041,0.045902602011172244,0.005289836395623833
location 618,0,0.8281891584418457,0.155922374931657,0.01588846662649724
location 758,0,0.5975924023519777,0.363535783358863,0.03887181428915933
location 488,0,0.9601111895288355,0.03528015915080148,0.0046086513203633505
location 643,1,0.2972300005290305,0.6670907888715341,0.03567921059943544
location 834,2,0.3205724986577188,0.23933551844095982,0.4400919829013213
location 607,0,0.6408570493384734,0.2894412797017385,0.06970167095978796
location 141,0,0.9304668396652405,0.0639093571346049,0.005623803200154564
location 497,0,0.9696013133043873,0.025492462186638608,0.004906224508973936
location 332,1,0.4519210885304623,0.5373137633373175,0.010765148132220166
location 821,0,0.6377681587347352,0.30163933411238725,0.06059250715287756
location 794,0,0.845726112558142,0.11601272407726834,0.0382611633645896
location 814,0,0.9249186132682964,0.05768172605150384,0.01739966068019945
location 794,1,0.47085649669377416,0.5124066684368734,0.016736834869352405
location 921,1,0.15315554178332894,0.6777247673619043,0.1691196908547665
location 742,0,0.5637659113178392,0.4185082687879524,0.01772581989420853
location 897,0,0.8669389222704955,0.12333881430210952,0.009722263427394986
location 466,0,0.8247347010670935,0.1673003956622801,0.007964903270626331
location 1107,0,0.8080271789942939,0.13060999720624117,0.06136282379946499
location 744,2,0.1662900562191102,0.19169473683855864,0.6420152069423313
location 122,0,0.9577869445573803,0.03735154680001206,0.004861508642607532
location 240,0,0.6607891023428742,0.3303560617507411,0.0088548359063847
location 691,0,0.757118573450441,0.19931311804736496,0.04356830850219402
location 809,0,0.8944596475136808,0.08654435580171921,0.01899599668459992
location 549,1,0.29137998142639154,0.6778922031877045,0.030727815385904033
location 810,1,0.25646733196052146,0.42633698036637985,0.31719568767309847
location 1089,1,0.13241572982488226,0.6862596901184519,0.18132458005666574
location 266,0,0.9337066707896287,0.06084950669725685,0.005443822513114616
location 1010,0,0.7895633215520265,0.19421410822511798,0.016222570222855625
location 1094,0,0.5861074555407154,0.37865501976634414,0.035237524692940406
location 345,0,0.7316190739622302,0.25276596643553517,0.015614959602234612
location 501,0,0.922003598053029,0.07172239427511104,0.006274007671859742
location 939,0,0.7466965618752999,0.22370754687151267,0.02959589125318733
location 957,0,0.6922492822897965,0.2804317922614396,0.027318925448764006
location 373,0,0.9691565777778934,0.02590677233066385,0.004936649891442475
location 684,1,0.22903253098037685,0.47867504920699994,0.292292419812623
location 1094,0,0.5871646627349123,0.370858553953251,0.04197678331183665
location 821,0,0.3665705240520296,0.336313729727138,0.29711574622083226
location 823,0,0.8535921021942607,0.12673786450133814,0.019670033304401105
location 244,0,0.969184397029038,0.0258989627951776,0.004916640175784331
location 857,1,0.2463078951106887,0.5861050302744052,0.16758707461490596
location 846,1,0.26884604857019745,0.38303788202746025,0.34811606940234224
location 1065,0,0.8067334847377128,0.1819095947294124,0.011356920532874702
location 1008,0,0.9222981064819893,0.059465315882841326,0.01823657763516956
location 1099,0,0.9050574986584217,0.07776983953923364,0.017172661802344426
location 1099,0,0.8237266771630445,0.13176470199903476,0.04450862083792083
location 300,0,0.9257530449724024,0.06753238899582378,0.006714566031773987
location 793,0,0.9505234129589879,0.031023745432423255,0.01845284160858852
location 906,0,0.460810606925325,0.40906034217652515,0.13012905089814988
location 404,1,0.2866882549376999,0.7046215087036021,0.008690236358697657
location 1117,0,0.6807683827687911,0.29098045367127556,0.028251163559933155
location 461,0,0.8809393630648764,0.1120470761738549,0.0070135607612684375
location 95,0,0.936625639096214,0.0575775384385183,0.005796822465267892
location 1056,1,0.1985561473466423,0.7768007660125252,0.024643086640832285
location 995,2,0.1434372802457975,0.277048997290928,0.5795137224632745
location 893,0,0.6663725702532357,0.20200155079258425,0.1316258789541802
location 500,0,0.932973395049694,0.06083742416797204,0.006189180782333989
location 122,0,0.9614194428987183,0.034132735423802914,0.004447821677478855
location 613,1,0.1668605384421622,0.4477336537750196,0.385405807782818
location 846,2,0.28734167082499923,0.28128146035577406,0.4313768688192268
location 653,1,0.2600395959870585,0.46980431474395484,0.2701560892689867
location 100,0,0.6809950682352054,0.3097764853502775,0.009228446414517161
location 311,0,0.7156020226467679,0.2744106427385383,0.009987334614693836
location 126,0,0.930136874235897,0.06386789114233207,0.005995234621771002
location 1107,0,0.8245655698769621,0.10028786873000449,0.07514656139303341
location 477,0,0.8240384475665982,0.14925330893788036,0.026708243495521422
location 507,0,0.9668769827489028,0.027953316284128046,0.005169700966969022
location 390,0,0.750077027624592,0.24059901209428994,0.009323960281118144
location 756,0,0.6757458616732164,0.2855385685148612,0.03871556981192259
location 90,0,0.5800546485713781,0.40851409448878717,0.011431256939834732
location 684,2,0.30289528950447936,0.1329553105724049,0.5641493999231157
location 479,0,0.9484721134469093,0.04593170275354969,0.005596183799541137
location 734,0,0.3460434373469264,0.3439736560612279,0.30998290659184585
location 1106,0,0.5676665775401251,0.3743765273353499,0.05795689512452505
location 124,0,0.9411301550665725,0.0538276119810889,0.00504223295233863
location 1025,1,0.46305482217694666,0.501487765239317,0.035457412583736254
location 473,0,0.9367714727138894,0.05710149866579608,0.00612702862031466
location 314,0,0.7383389090972806,0.2523097248388918,0.009351366063827568
location 1107,1,0.2774698678527744,0.5145271414365908,0.20800299071063497
location 249,1,0.2517741588731398,0.733272800515359,0.01495304061150082
location 613,1,0.08497456674373087,0.741539131030911,0.1734863022253581
location 161,0,0.6469621672379916,0.34395611135716264,0.00908172140484564
location 1029,0,0.68000253487268,0.290538871646376,0.029458593480943793
location 711,0,0.7582014946394713,0.22202219202066673,0.019776313339861937
location 375,0,0.9450778966577179,0.04913178136855372,0.0057903219737282866
location 97,0,0.7764569803489694,0.2118285056390772,0.011714514011953423
location 244,0,0.9635947818940661,0.03150126869579672,0.004903949410137022
location 1054,0,0.9185147099218922,0.07032629955234075,0.011158990525767009
location 974,0,0.5649900668436731,0.3736065805761822,0.0614033525801445
location 810,1,0.20462702694130874,0.5136141180773414,0.28175885498134995
location 734,0,0.8017792121089434,0.16825666426408875,0.029964123626967744
location 1115,0,0.8166566416399899,0.17046493918637842,0.012878419173631856
location 867,2,0.05414396190294247,0.0823613723029952,0.8634946657940624
location 326,0,0.7336264655493452,0.2552113765141775,0.011162157936477396
location 931,2,0.14485262521205944,0.09588502015939777,0.7592623546285426
location 686,0,0.5048863571392641,0.47278387268401273,0.022329770176723128
location 242,0,0.9721811591673551,0.023083137609404614,0.004735703223240173
location 899,0,0.49571382631418853,0.42878085682715905,0.07550531685865246
location 202,0,0.8625237954564056,0.12957196418044686,0.007904240363147587
location 923,0,0.7521780159766046,0.2169569153001837,0.03086506872321172
location 894,0,0.6799373743644652,0.1922166105846813,0.12784601505085344
location 771,2,0.3360216197543315,0.24342367543663132,0.42055470480903717
location 95,0,0.5591770175425461,0.4312764513382255,0.009546531119228463
location 485,0,0.9479103142048907,0.04676647225602518,0.005323213539084368
location 974,0,0.6705092867743836,0.2921528826248501,0.03733783060076638
location 919,0,0.5351603430709059,0.40786718599307886,0.05697247093601535
location 1009,0,0.9182650560294294,0.07054176463087128,0.011193179339699497
location 814,0,0.9199011177667814,0.06708338966355482,0.013015492569663641
location 973,0,0.797074715314901,0.1914069886962894,0.011518295988809686
location 120,0,0.5580710218213137,0.43063996088186557,0.011289017296820646
location 504,0,0.8605599939628255,0.11541469381964264,0.024025312217531982
location 500,0,0.6835185138602128,0.30664800822077815,0.009833477919008958
location 1058,0,0.8598897445147998,0.12097174054323,0.01913851494197011
location 497,0,0.9655673282882925,0.02913080271625061,0.0053018689954567565
location 471,0,0.961950226216074,0.033669859597628075,0.004379914186297718
location 1084,1,0.2805839449535824,0.6909044434930134,0.02851161155340418
location 846,0,0.8988213350141334,0.08356392838257809,0.017614736603288318
location 234,0,0.5174217700681875,0.4670349566765442,0.015543273255268351
location 418,0,0.9207652172231806,0.07304519541608503,0.006189587360734321
location 875,0,0.6719726009523097,0.2841472783327128,0.04388012071497758
location 821,1,0.4082887202784301,0.42086807095709156,0.17084320876447842
location 490,0,0.9647663354227353,0.030504103763624182,0.004729560813640312
location 107,0,0.8264136137696315,0.1654004476801612,0.008185938550207262
location 126,0,0.9640744645972205,0.030840119774047256,0.005085415628732466
location 122,0,0.9612436205745194,0.03430937115608352,0.004447008269396946
location 1,1,0.18569052080758003,0.6469059999478453,0.1674034792445746
location 618,1,0.34571583970081565,0.6205596412669934,0.03372451903219111
location 95,0,0.812644776132889,0.17993092209849848,0.007424301768612193
location 491,0,0.9357441517567394,0.05849260143974558,0.005763246803514797
location 500,0,0.9597274312550833,0.03549682881034805,0.0047757399345683595
location 921,2,0.15620692181522847,0.3230021361038207,0.5207909420809509
location 878,0,0.8607213225556825,0.11919050132348605,0.02008817612083159
location 444,0,0.7562444695676915,0.2341373363986684,0.009618194033639971
location 963,0,0.9489518321968959,0.028108217167475826,0.02293995063562844
location 240,0,0.8531487505702486,0.13889877018585978,0.007952479243891539
location 599,0,0.9151217297624773,0.06663094026564621,0.018247329971876725
location 303,1,0.3893067858845271,0.5979371745701011,0.012756039545371894
location 684,2,0.2124862225277344,0.17663203387801654,0.6108817435942491
location 155,0,0.6553392738554367,0.3348298075834936,0.009830918561069686
location 717,0,0.797074715314901,0.1914069886962894,0.011518295988809686
location 1010,0,0.8035664099645747,0.17871345919326057,0.017720130842164762
location 878,0,0.5841470716283386,0.3978647045684996,0.017988223803161972
location 991,1,0.3594047286782499,0.5900362661220263,0.050559005199723575
location 253,0,0.8247347010670935,0.1673003956622801,0.007964903270626331
location 1058,0,0.8301904741570397,0.15060496725065864,0.01920455859230176
location 1042,0,0.4035031498483398,0.2953067911662772,0.3011900589853828
location 35,0,0.797074715314901,0.1914069886962894,0.011518295988809686
location 648,1,0.1712464124879379,0.8071687144541321,0.021584873057930137
location 465,0,0.7905712179346479,0.1987297514459877,0.010699030619364306
location 499,0,0.9748026372448859,0.020720888639245427,0.0044764741158686006
location 597,0,0.797074715314901,0.1914069886962894,0.011518295988809686
location 836,0,0.918254338230468,0.07055101468250101,0.011194647087030956
location 101,0,0.887061067024681,0.10644930944834619,0.006489623526972693
location 476,0,0.9712298260276403,0.023981821407732126,0.004788352564627586
location 864,1,0.44497343581621973,0.5225326062996829,0.03249395788409736
location 808,0,0.7582665118282788,0.20418861701390445,0.037544871157816906
location 91,0,0.9002995493454511,0.09281749566760694,0.00688295498694184
location 157,0,0.9554939040486133,0.03967627417669709,0.004829821774689494
location 845,1,0.18790397995335767,0.6321053996151206,0.17999062043152175
location 695,0,0.9162289205105345,0.07039539845576737,0.013375681033698206
location 707,0,0.9155550289265098,0.06205307809034419,0.02239189298314618
location 756,0,0.5536383344048756,0.39797180666422294,0.04838985893090144
location 738,1,0.2974558258698839,0.6726267657402129,0.029917408389903387
location 734,1,0.3499565619979595,0.5785429372959086,0.07150050070613194
location 878,0,0.9281317043574969,0.059313050598243405,0.01255524504425954
location 244,0,0.9636493231741136,0.03150305172695263,0.004847625098933752
location 1084,0,0.6468027802157291,0.3212827728180512,0.03191444696621978
location 1008,2,0.29438290476114753,0.23210001668756186,0.4735170785512906
location 661,1,0.24833104591864258,0.7221927710064513,0.029476183074906077
location 1063,0,0.9355180401020217,0.04588413069222089,0.018597829205757404
location 821,2,0.19486032837959913,0.13199106364589383,0.673148607974507
location 95,0,0.6834144869514744,0.3072461348405537,0.009339378207971821
location 407,0,0.9346299986015687,0.05992320667376127,0.0054467947246701785
location 126,0,0.96415756217159,0.030761667994366502,0.005080769834043521
location 821,2,0.3338754309873731,0.2068908392402202,0.4592337297724066
location 984,2,0.15091854510319427,0.10499898578171021,0.7440824691150955
location 641,0,0.646508166291863,0.14781348877437797,0.20567834493375886
location 468,0,0.9691926943645864,0.025888854954926103,0.004918450680487622
location 1052,2,0.2591348302065083,0.30090805244164676,0.4399571173518451
location 644,0,0.7687437463385456,0.2024338791474933,0.028822374513961014
location 644,0,0.8310528779305243,0.1264855742807322,0.042461547788743524
location 468,0,0.9488074832465663,0.04590259822082036,0.005289918532613485
location 826,1,0.3173581217962876,0.6546585737484788,0.02798330445523358
location 763,0,0.5470390584226181,0.2932657537158548,0.1596951878615271
location 1107,2,0.18109041143364407,0.16275078729709133,0.6561588012692646
location 794,1,0.46314539194373733,0.5213926720342552,0.015461936022007253
location 124,0,0.9612606474773386,0.03429221051586837,0.004447142006793306
location 478,0,0.9710388529017872,0.024153865238990272,0.004807281859222246
location 504,0,0.9479103142048907,0.04676647225602518,0.005323213539084368
location 116,0,0.8693652457429505,0.12219868642899794,0.008436067828051548
location 704,0,0.573870317609361,0.37424453258340845,0.05188514980723051
location 276,0,0.5556136266714341,0.4348403384451452,0.009546034883420651
location 445,0,0.9510978154335104,0.04397331457552929,0.004928869990960463
location 846,2,0.39385155976837977,0.19722333809529052,0.40892510213632965
location 1,0,0.6183015821342733,0.3113916189120378,0.07030679895368884
location 1075,1,0.15364734599160879,0.7113196776427837,0.13503297636560746
location 793,0,0.9458084444029059,0.03577571902389078,0.01841583657320344
location 326,0,0.9244099392905685,0.06956429516436366,0.006025765545067729
location 252,1,0.2936888564920832,0.6971143789150083,0.009196764592908503
location 519,0,0.7915618916621687,0.19973030036480513,0.008707807973026126
location 1083,1,0.437598480616436,0.5225535984738979,0.03984792090966614
location 972,1,0.2979532753873904,0.6723248830921806,0.029721841520428824
location 1048,0,0.7205348010448235,0.18962572266100916,0.08983947629416736
location 1100,2,0.06019808778349439,0.10905183496644716,0.8307500772500583
location 957,0,0.641292134389786,0.32383084987211813,0.03487701573809586
location 244,0,0.9690991175039302,0.025977593619688894,0.004923288876381277
location 376,0,0.4998560621224725,0.48890747103471566,0.011236466842811856
location 1046,0,0.7132259776767849,0.2603539809307236,0.026420041392491458
location 821,0,0.7506932655920243,0.08835864443276284,0.16094808997521265
location 324,0,0.7108726276451934,0.28074523861309325,0.00838213374171338
location 847,0,0.797074715314901,0.1914069886962894,0.011518295988809686
location 709,0,0.8614850120166586,0.11835041484829079,0.02016457313505055
location 810,1,0.31207411988814465,0.4817338249115035,0.20619205520035175
location 484,0,0.9689476983108781,0.02658411716797666,0.0044681845211452615
location 894,0,0.680419815637704,0.18505404545652832,0.13452613890576756
location 684,2,0.26460935109566797,0.16068503295289016,0.574705615951442
location 760,1,0.1881785092069334,0.6728296031535351,0.1389918876395315
location 230,0,0.5442672566919473,0.4267350947137899,0.028997648594262692
location 1099,0,0.6902266833812188,0.2222311782199155,0.08754213839886567
location 943,1,0.27275205316094064,0.7004238837237675,0.026824063115291782
location 242,0,0.9721811591673551,0.023083137609404614,0.004735703223240173
location 122,0,0.9577708806155575,0.037255467788270644,0.004973651596171902
location 133,0,0.9156625905997102,0.07806232020197842,0.006275089198311076
location 734,2,0.33678017951992956,0.19144484053542002,0.4717749799446504
location 9,0,0.8927490838504738,0.058407099311555605,0.048843816837970774
location 998,0,0.6255186232992687,0.31359944942556056,0.06088192727517093
location 1049,0,0.9165896614707554,0.07207228829384377,0.011338050235401066
location 229,0,0.838555655377693,0.15206652124664088,0.009377823375665907
location 1065,0,0.575191305544703,0.3856045132029842,0.039204181252312606
location 878,0,0.8614850120166586,0.11835041484829079,0.02016457313505055
location 644,1,0.33200210820046727,0.5872783259140445,0.08071956588548805
location 249,0,0.7944928286693967,0.19644060068231783,0.009066570648285319
location 321,0,0.7893044069876357,0.2005775113103524,0.01011808170201201
location 100,0,0.9132956068106938,0.08053994448063097,0.006164448708675114
location 126,0,0.9492786845294541,0.0455966315707266,0.005124683899819343
location 322,0,0.9346299986015687,0.05992320667376127,0.0054467947246701785
location 618,1,0.2579156705089501,0.7129305998512458,0.029153729639804078
location 148,0,0.5621934939702798,0.42685471818068194,0.01095178784903822
location 1075,2,0.17056725875072426,0.1364538997768428,0.692978841472433
location 57,1,0.34817290284232877,0.630844358916935,0.020982738240736182
location 91,0,0.9707194487808082,0.023858139680365223,0.0054224115388262625
location 462,0,0.7248947394667898,0.25295804703498426,0.02214721349822604
location 790,0,0.797074715314901,0.1914069886962894,0.011518295988809686
location 1008,0,0.8846662577784119,0.09910436855364518,0.01622937366794272
location 1100,2,0.10680112294321528,0.08667602934007348,0.8065228477167113
location 707,0,0.9054133251186086,0.07710113803815355,0.017485536843237705
location 662,0,0.7860580659160988,0.19623706331363563,0.017704870770265512
location 679,1,0.4540266785816132,0.5215034707202658,0.024469850698120924
location 533,0,0.58426380729524,0.2936585145258903,0.12207767817886961
location 658,0,0.6689118841617676,0.3018570780095577,0.029231037828674592
location 1117,0,0.7722552260694743,0.20573142470200226,0.022013349228523493
location 51,1,0.3191554993860734,0.5744833642193656,0.10636113639456102
location 1125,0,0.797074715314901,0.1914069886962894,0.011518295988809686
location 1109,0,0.797074715314901,0.1914069886962894,0.011518295988809686
location 135,0,0.9640074470982514,0.03115043400345686,0.004842118898291732
location 297,0,0.9232480115789259,0.07073144528161898,0.006020543139455056
location 897,0,0.44686649774037523,0.40990292043144005,0.14323058182818482
location 498,0,0.6568423358471297,0.3333041977595218,0.009853466393348444
location 808,0,0.861894668497646,0.0823462904326494,0.05575904106970469
location 526,0,0.9555784005881928,0.039143804993200575,0.005277794418606502
location 504,0,0.9746978851637325,0.02087223415819801,0.0044298806780695655
